Time,Value
2023-04-01 00:00:00,0.06678078816952882
2023-04-01 01:00:00,0.09763145386177949
2023-04-01 02:00:00,0.01886355026591513
2023-04-01 03:00:00,0.06451182326212108
2023-04-01 04:00:00,0.07774296920325707
2023-04-01 05:00:00,0.05324845170949305
2023-04-01 06:00:00,0.06385272833189945
2023-04-01 07:00:00,0.038143845540109016
2023-04-01 08:00:00,0.051557438317834825
2023-04-01 09:00:00,0.019596937995553832
2023-04-01 10:00:00,0.04426841405781572
2023-04-01 11:00:00,0.039450217801079906
2023-04-01 12:00:00,0.0706617524918855
2023-04-01 13:00:00,0.025912768863204306
2023-04-01 14:00:00,0.008302672319671045
2023-04-01 15:00:00,0.07195821355247649
2023-04-01 16:00:00,0.028693252646571046
2023-04-01 17:00:00,0.09838185532094462
2023-04-01 18:00:00,0.07733598215903435
2023-04-01 19:00:00,0.026176347841428374
2023-04-01 20:00:00,0.01635342764231065
2023-04-01 21:00:00,0.024477410516656674
2023-04-01 22:00:00,0.09748947561090739
2023-04-01 23:00:00,0.02794719735399155
2023-04-02 00:00:00,0.07642597498952533
2023-04-02 01:00:00,0.07870682473878622
2023-04-02 02:00:00,0.024032988240543077
2023-04-02 03:00:00,0.01507967002855566
2023-04-02 04:00:00,0.023506425316766957
2023-04-02 05:00:00,0.04803888336927808
2023-04-02 06:00:00,0.0316194631711087
2023-04-02 07:00:00,0.01667978015635926
2023-04-02 08:00:00,0.029717122594245707
2023-04-02 09:00:00,0.05463533788670915
2023-04-02 10:00:00,0.023292095325940367
2023-04-02 11:00:00,0.006001339484635049
2023-04-02 12:00:00,0.058044509050939275
2023-04-02 13:00:00,0.0912447275581433
2023-04-02 14:00:00,0.02782909918174962
2023-04-02 15:00:00,0.0023197911187836096
2023-04-02 16:00:00,0.09483183027773351
2023-04-02 17:00:00,0.06494296492225266
2023-04-02 18:00:00,0.08044018925858214
2023-04-02 19:00:00,0.09705745515670278
2023-04-02 20:00:00,0.07402005676255528
2023-04-02 21:00:00,0.018372011451089333
2023-04-02 22:00:00,0.09641708478705033
2023-04-02 23:00:00,0.10241228929744661
2023-04-03 00:00:00,0.05861188943953404
2023-04-03 01:00:00,0.029961346829953474
2023-04-03 02:00:00,0.04323123411236807
2023-04-03 03:00:00,0.05829907437560725
2023-04-03 04:00:00,0.02966443738764406
2023-04-03 05:00:00,0.09938950147342598
2023-04-03 06:00:00,0.036050889596846804
2023-04-03 07:00:00,0.07772586084342391
2023-04-03 08:00:00,0.07989745180808293
2023-04-03 09:00:00,0.09632985707170946
2023-04-03 10:00:00,0.06777088910892692
2023-04-03 11:00:00,0.006713067489828195
2023-04-03 12:00:00,0.07301569324177672
2023-04-03 13:00:00,0.07262469385112157
2023-04-03 14:00:00,0.70286386949151
2023-04-03 15:00:00,0.026782466131213146
2023-04-03 16:00:00,0.0023518781851280535
2023-04-03 17:00:00,0.04515318581485146
2023-04-03 18:00:00,0.02547725868477757
2023-04-03 19:00:00,0.05636138229954836
2023-04-03 20:00:00,0.030140843185116086
2023-04-03 21:00:00,0.004954022658513402
2023-04-03 22:00:00,0.00711434546359121
2023-04-03 23:00:00,0.09239413509430652
2023-04-04 00:00:00,0.05547711107495565
2023-04-04 01:00:00,0.04009087748671472
2023-04-04 02:00:00,0.049662974227074635
2023-04-04 03:00:00,0.03697233483460194
2023-04-04 04:00:00,0.017128872282442142
2023-04-04 05:00:00,0.08168888399415886
2023-04-04 06:00:00,0.06936140175854147
2023-04-04 07:00:00,0.052400540904620894
2023-04-04 08:00:00,0.0833379723800958
2023-04-04 09:00:00,0.09026721228661563
2023-04-04 10:00:00,0.08804897433083131
2023-04-04 11:00:00,0.026839862175868402
2023-04-04 12:00:00,0.10261762053408785
2023-04-04 13:00:00,0.08814836595921974
2023-04-04 14:00:00,0.048312435351473636
2023-04-04 15:00:00,0.08760759669653527
2023-04-04 16:00:00,0.015449387618843258
2023-04-04 17:00:00,0.0552156698113342
2023-04-04 18:00:00,0.02332629730415752
2023-04-04 19:00:00,0.05369765664488496
2023-04-04 20:00:00,0.04166687162481162
2023-04-04 21:00:00,0.06871260894265052
2023-04-04 22:00:00,0.044705519217387066
2023-04-04 23:00:00,0.05265129544350413
2023-04-05 00:00:00,0.11085658969768378
2023-04-05 01:00:00,0.09081049090182973
2023-04-05 02:00:00,0.0003606363191589357
2023-04-05 03:00:00,0.017836313893372157
2023-04-05 04:00:00,0.09800544682760866
2023-04-05 05:00:00,0.049186524349201136
2023-04-05 06:00:00,0.019974772361174356
2023-04-05 07:00:00,0.08202980703754673
2023-04-05 08:00:00,0.05478373876204068
2023-04-05 09:00:00,0.10754500410312288
2023-04-05 10:00:00,0.049542289707945004
2023-04-05 11:00:00,0.13475260447084986
2023-04-05 12:00:00,0.03399373746287208
2023-04-05 13:00:00,0.053001178218252426
2023-04-05 14:00:00,0.06484708675323492
2023-04-05 15:00:00,0.060115316841357964
2023-04-05 16:00:00,0.03293056385631006
2023-04-05 17:00:00,0.08701608138628306
2023-04-05 18:00:00,0.014373420572024155
2023-04-05 19:00:00,0.05719866401456003
2023-04-05 20:00:00,0.07843593394962994
2023-04-05 21:00:00,0.06361207789133576
2023-04-05 22:00:00,0.08126900942834092
2023-04-05 23:00:00,0.11958913575420514
2023-04-06 00:00:00,0.06647490030108884
2023-04-06 01:00:00,0.07203555834277077
2023-04-06 02:00:00,0.07183822700672415
2023-04-06 03:00:00,0.039013682861476454
2023-04-06 04:00:00,0.08702064221096867
2023-04-06 05:00:00,0.007356786832224216
2023-04-06 06:00:00,0.011665554167954895
2023-04-06 07:00:00,0.16690358832044738
2023-04-06 08:00:00,0.05295513831848711
2023-04-06 09:00:00,0.09885227968177095
2023-04-06 10:00:00,0.08916215760504388
2023-04-06 11:00:00,0.03225472741946289
2023-04-06 12:00:00,0.049814158849952925
2023-04-06 13:00:00,0.06262086155704244
2023-04-06 14:00:00,0.11522966874288064
2023-04-06 15:00:00,0.06644866182147303
2023-04-06 16:00:00,0.020945646509630617
2023-04-06 17:00:00,0.08359031649929594
2023-04-06 18:00:00,0.037322842615886476
2023-04-06 19:00:00,0.09822566123402973
2023-04-06 20:00:00,0.09130742438766556
2023-04-06 21:00:00,0.05558339117067618
2023-04-06 22:00:00,0.011043392830771126
2023-04-06 23:00:00,0.06908951468623803
2023-04-07 00:00:00,0.0492526847108572
2023-04-07 01:00:00,0.0784188349731792
2023-04-07 02:00:00,0.08984420670622036
2023-04-07 03:00:00,0.015555260934925187
2023-04-07 04:00:00,0.0019831291343580526
2023-04-07 05:00:00,0.0811658192916958
2023-04-07 06:00:00,0.09900072827241148
2023-04-07 07:00:00,0.09172077268979545
2023-04-07 08:00:00,0.06047456334366086
2023-04-07 09:00:00,0.030663145135648565
2023-04-07 10:00:00,0.034860085990887836
2023-04-07 11:00:00,0.0651522748179996
2023-04-07 12:00:00,0.08773832075239385
2023-04-07 13:00:00,0.02352892697085367
2023-04-07 14:00:00,0.09631508114261227
2023-04-07 15:00:00,0.041343201814677905
2023-04-07 16:00:00,0.08303030884451636
2023-04-07 17:00:00,0.0371583053125043
2023-04-07 18:00:00,0.022573902347345576
2023-04-07 19:00:00,0.031721299672277825
2023-04-07 20:00:00,0.04461632767406024
2023-04-07 21:00:00,0.0786890478980148
2023-04-07 22:00:00,0.08263441971196236
2023-04-07 23:00:00,0.07279013922238724
2023-04-08 00:00:00,0.03162039023040512
2023-04-08 01:00:00,0.050822217426592466
2023-04-08 02:00:00,0.061997944192892576
2023-04-08 03:00:00,0.09344451735408071
2023-04-08 04:00:00,0.0765043677599225
2023-04-08 05:00:00,0.04765519247532424
2023-04-08 06:00:00,0.06349222735138277
2023-04-08 07:00:00,0.057805493462844616
2023-04-08 08:00:00,0.014883945547721478
2023-04-08 09:00:00,0.022234236454347623
2023-04-08 10:00:00,0.019304889738462918
2023-04-08 11:00:00,0.04336908129341021
2023-04-08 12:00:00,0.09553141814440233
2023-04-08 13:00:00,0.09338080040617323
2023-04-08 14:00:00,0.09582917666965919
2023-04-08 15:00:00,0.06941862921110381
2023-04-08 16:00:00,0.05192756272724124
2023-04-08 17:00:00,0.03276950469607204
2023-04-08 18:00:00,0.008428480180371312
2023-04-08 19:00:00,0.09299999558275418
2023-04-08 20:00:00,0.004498358646329736
2023-04-08 21:00:00,0.05808425672284412
2023-04-08 22:00:00,0.042749049230247985
2023-04-08 23:00:00,0.06119976843897215
2023-04-09 00:00:00,0.04525963900073968
2023-04-09 01:00:00,0.0762209033473654
2023-04-09 02:00:00,0.015412341532633224
2023-04-09 03:00:00,0.08481020313047422
2023-04-09 04:00:00,0.0829025502947161
2023-04-09 05:00:00,0.0663035983993887
2023-04-09 06:00:00,0.0623164872785561
2023-04-09 07:00:00,0.09587002421875616
2023-04-09 08:00:00,0.09325086438997793
2023-04-09 09:00:00,0.08964373759376479
2023-04-09 10:00:00,0.001535467237978172
2023-04-09 11:00:00,0.07982474431341738
2023-04-09 12:00:00,0.01628071272259012
2023-04-09 13:00:00,0.018954692629349446
2023-04-09 14:00:00,0.018808080602108125
2023-04-09 15:00:00,0.01925857866415729
2023-04-09 16:00:00,0.07807125265969557
2023-04-09 17:00:00,0.05130989955483675
2023-04-09 18:00:00,0.025244354223903087
2023-04-09 19:00:00,0.01172961985357799
2023-04-09 20:00:00,0.02947853781146305
2023-04-09 21:00:00,0.08408260466883297
2023-04-09 22:00:00,0.0779661211638989
2023-04-09 23:00:00,0.04665531514448004
2023-04-10 00:00:00,0.08063650064468673
2023-04-10 01:00:00,0.05275718849860497
2023-04-10 02:00:00,0.058030413687825515
2023-04-10 03:00:00,0.008620382109720005
2023-04-10 04:00:00,0.03110131893606466
2023-04-10 05:00:00,0.09185879203112779
2023-04-10 06:00:00,0.03781679025048768
2023-04-10 07:00:00,0.004387222212373032
2023-04-10 08:00:00,0.0694447643123989
2023-04-10 09:00:00,0.07495493078930139
2023-04-10 10:00:00,0.04608574864597588
2023-04-10 11:00:00,0.0325920319879499
2023-04-10 12:00:00,0.07818159279619732
2023-04-10 13:00:00,0.041153808627047705
2023-04-10 14:00:00,0.0829667730689433
2023-04-10 15:00:00,0.6605060272790271
2023-04-10 16:00:00,0.01710953706686851
2023-04-10 17:00:00,0.04152342076877416
2023-04-10 18:00:00,0.010124328686731056
2023-04-10 19:00:00,0.03951663164152428
2023-04-10 20:00:00,0.09214361208191271
2023-04-10 21:00:00,0.05843100517232781
2023-04-10 22:00:00,0.08507973591719527
2023-04-10 23:00:00,0.0748855294817657
2023-04-11 00:00:00,0.0365295022189539
2023-04-11 01:00:00,0.09736963328147083
2023-04-11 02:00:00,0.07383881156288251
2023-04-11 03:00:00,0.009832563128738127
2023-04-11 04:00:00,0.003945763543023307
2023-04-11 05:00:00,0.07369961000511925
2023-04-11 06:00:00,0.008803602261670374
2023-04-11 07:00:00,0.09835349747006533
2023-04-11 08:00:00,0.07665143446391745
2023-04-11 09:00:00,0.029441390842728093
2023-04-11 10:00:00,0.05840511711128511
2023-04-11 11:00:00,0.035016933169106125
2023-04-11 12:00:00,0.09865937462547063
2023-04-11 13:00:00,0.034708288719133173
2023-04-11 14:00:00,0.05801091715984608
2023-04-11 15:00:00,0.0348770740740543
2023-04-11 16:00:00,0.0321984584261825
2023-04-11 17:00:00,0.03648530598374447
2023-04-11 18:00:00,0.019514592853840974
2023-04-11 19:00:00,0.10611276273486603
2023-04-11 20:00:00,0.07067469877997891
2023-04-11 21:00:00,0.03289754623995533
2023-04-11 22:00:00,0.07594882142615257
2023-04-11 23:00:00,0.02401257875426456
2023-04-12 00:00:00,0.020885172759844754
2023-04-12 01:00:00,0.0659303772155732
2023-04-12 02:00:00,0.0702761436444011
2023-04-12 03:00:00,0.03628000560974818
2023-04-12 04:00:00,0.014260112525736869
2023-04-12 05:00:00,0.05617464228569746
2023-04-12 06:00:00,0.07056285112403587
2023-04-12 07:00:00,0.03911029528179595
2023-04-12 08:00:00,0.08292142520615027
2023-04-12 09:00:00,0.08277048536152797
2023-04-12 10:00:00,0.09082549242277266
2023-04-12 11:00:00,0.09399059212550366
2023-04-12 12:00:00,0.10491332690491062
2023-04-12 13:00:00,0.10760565000328132
2023-04-12 14:00:00,0.05197980852833135
2023-04-12 15:00:00,0.07183046998851482
2023-04-12 16:00:00,0.02180835568116142
2023-04-12 17:00:00,0.08252428679281834
2023-04-12 18:00:00,0.08864318163356999
2023-04-12 19:00:00,0.03385982512695497
2023-04-12 20:00:00,0.029166315555823885
2023-04-12 21:00:00,0.054243803726973884
2023-04-12 22:00:00,0.056882106641296684
2023-04-12 23:00:00,0.09053985103190954
2023-04-13 00:00:00,0.11164803806704618
2023-04-13 01:00:00,0.05653680096211936
2023-04-13 02:00:00,0.08976371388013152
2023-04-13 03:00:00,0.007969997725493505
2023-04-13 04:00:00,0.08969522193203125
2023-04-13 05:00:00,0.08593008348847643
2023-04-13 06:00:00,0.05773838621381128
2023-04-13 07:00:00,0.09252360383718648
2023-04-13 08:00:00,0.10895611817531281
2023-04-13 09:00:00,0.06000880598259553
2023-04-13 10:00:00,0.07565531009739895
2023-04-13 11:00:00,0.03866793734199571
2023-04-13 12:00:00,0.024056913550202653
2023-04-13 13:00:00,0.06852854066410732
2023-04-13 14:00:00,0.07993176683330755
2023-04-13 15:00:00,0.1167984567774148
2023-04-13 16:00:00,0.1683108521884772
2023-04-13 17:00:00,0.05918863687377417
2023-04-13 18:00:00,0.05441308654978824
2023-04-13 19:00:00,0.022227593073843494
2023-04-13 20:00:00,0.08258109895207727
2023-04-13 21:00:00,0.05041432688956647
2023-04-13 22:00:00,0.06884329340646801
2023-04-13 23:00:00,0.010188121533759942
2023-04-14 00:00:00,0.011503463000597526
2023-04-14 01:00:00,0.0032793361096177366
2023-04-14 02:00:00,0.0939397700590934
2023-04-14 03:00:00,0.010275671164883994
2023-04-14 04:00:00,0.03772492001801328
2023-04-14 05:00:00,0.005325983843410831
2023-04-14 06:00:00,0.06806718415101766
2023-04-14 07:00:00,0.15226873303694416
2023-04-14 08:00:00,0.03841601834636178
2023-04-14 09:00:00,0.06213133147106922
2023-04-14 10:00:00,0.08372472346425433
2023-04-14 11:00:00,0.02802045825406358
2023-04-14 12:00:00,0.08968954810453039
2023-04-14 13:00:00,0.03195641639391344
2023-04-14 14:00:00,0.04948323967964616
2023-04-14 15:00:00,0.061283067816384575
2023-04-14 16:00:00,0.0902691185980583
2023-04-14 17:00:00,0.04889924553346783
2023-04-14 18:00:00,0.09936403800478938
2023-04-14 19:00:00,0.07188244724994552
2023-04-14 20:00:00,0.08382006043502709
2023-04-14 21:00:00,0.05328312368225996
2023-04-14 22:00:00,0.009099087235806802
2023-04-14 23:00:00,0.005078201612326827
2023-04-15 00:00:00,0.09186082402153539
2023-04-15 01:00:00,0.016968365725007484
2023-04-15 02:00:00,0.026399970430184473
2023-04-15 03:00:00,0.05919299922107292
2023-04-15 04:00:00,0.05134890783583415
2023-04-15 05:00:00,0.07118263744676498
2023-04-15 06:00:00,0.0055069054129029855
2023-04-15 07:00:00,0.09909271869591968
2023-04-15 08:00:00,0.02211793327742754
2023-04-15 09:00:00,0.05275053476802702
2023-04-15 10:00:00,0.05629198312638609
2023-04-15 11:00:00,0.03187292063908398
2023-04-15 12:00:00,0.02260356464037936
2023-04-15 13:00:00,0.08886698177889692
2023-04-15 14:00:00,0.05590156074836612
2023-04-15 15:00:00,0.05129779973326501
2023-04-15 16:00:00,0.09876303731899175
2023-04-15 17:00:00,0.06142760279519928
2023-04-15 18:00:00,0.047292303471113295
2023-04-15 19:00:00,0.07462462271063564
2023-04-15 20:00:00,0.009111263688332339
2023-04-15 21:00:00,0.060517310663325066
2023-04-15 22:00:00,0.09647149677010208
2023-04-15 23:00:00,0.04843075105847766
2023-04-16 00:00:00,0.028026336946040665
2023-04-16 01:00:00,0.0029325943752216313
2023-04-16 02:00:00,0.07225651588382039
2023-04-16 03:00:00,0.08996243667743184
2023-04-16 04:00:00,0.002023263180003543
2023-04-16 05:00:00,0.07010557222679971
2023-04-16 06:00:00,0.012834231566235633
2023-04-16 07:00:00,0.03333878300732651
2023-04-16 08:00:00,0.06486394479855466
2023-04-16 09:00:00,0.05742397531413738
2023-04-16 10:00:00,0.08835862026452851
2023-04-16 11:00:00,0.08513649315473293
2023-04-16 12:00:00,0.06267528472501382
2023-04-16 13:00:00,0.04470582655624853
2023-04-16 14:00:00,0.010152055778291369
2023-04-16 15:00:00,0.007563727449893099
2023-04-16 16:00:00,0.06248969495692598
2023-04-16 17:00:00,0.08035435736122748
2023-04-16 18:00:00,0.07855965834540975
2023-04-16 19:00:00,0.09293051662654166
2023-04-16 20:00:00,0.079083547046322
2023-04-16 21:00:00,0.11046662524686955
2023-04-16 22:00:00,0.05365282073689246
2023-04-16 23:00:00,0.09656918069475247
2023-04-17 00:00:00,0.1061165270567372
2023-04-17 01:00:00,0.10951260195810285
2023-04-17 02:00:00,0.07764365618573722
2023-04-17 03:00:00,0.020141730492625954
2023-04-17 04:00:00,0.07482375866968832
2023-04-17 05:00:00,0.0884819832696512
2023-04-17 06:00:00,0.07092320861540151
2023-04-17 07:00:00,0.0826389038747086
2023-04-17 08:00:00,0.1239287615137559
2023-04-17 09:00:00,0.05990930710087081
2023-04-17 10:00:00,0.05526390109287953
2023-04-17 11:00:00,0.06998560465147548
2023-04-17 12:00:00,0.10338595869027561
2023-04-17 13:00:00,0.1119535394584623
2023-04-17 14:00:00,0.043605252489157226
2023-04-17 15:00:00,0.08822760420908893
2023-04-17 16:00:00,0.12048907962832797
2023-04-17 17:00:00,0.09099165042465346
2023-04-17 18:00:00,0.07395156878028568
2023-04-17 19:00:00,0.08881499130902096
2023-04-17 20:00:00,0.07037425277353451
2023-04-17 21:00:00,0.07318712088817018
2023-04-17 22:00:00,0.037433733953704675
2023-04-17 23:00:00,0.030759003786459616
2023-04-18 00:00:00,0.026181858894505406
2023-04-18 01:00:00,0.06074769285394764
2023-04-18 02:00:00,0.09859799827533455
2023-04-18 03:00:00,0.04591331048710179
2023-04-18 04:00:00,0.04045363110117562
2023-04-18 05:00:00,0.03824788536885348
2023-04-18 06:00:00,0.023253795665274246
2023-04-18 07:00:00,0.08481253361819227
2023-04-18 08:00:00,0.09160801074691168
2023-04-18 09:00:00,0.04280715650512618
2023-04-18 10:00:00,0.008167755690087064
2023-04-18 11:00:00,0.048169276075905314
2023-04-18 12:00:00,0.06671392007935259
2023-04-18 13:00:00,0.061168800836067905
2023-04-18 14:00:00,0.1554229318618116
2023-04-18 15:00:00,0.4955294974722028
2023-04-18 16:00:00,0.07979063984825606
2023-04-18 17:00:00,0.07633563825279138
2023-04-18 18:00:00,0.049570045298665655
2023-04-18 19:00:00,0.0956508769499297
2023-04-18 20:00:00,0.05379021698477851
2023-04-18 21:00:00,0.08598595337819726
2023-04-18 22:00:00,0.12375921387627979
2023-04-18 23:00:00,0.14538316135465792
2023-04-19 00:00:00,0.16660409504197116
2023-04-19 01:00:00,0.050391245814790965
2023-04-19 02:00:00,0.08229614568566514
2023-04-19 03:00:00,0.003632279125156579
2023-04-19 04:00:00,0.10856472123171906
2023-04-19 05:00:00,0.06485024759445025
2023-04-19 06:00:00,0.007646211642414524
2023-04-19 07:00:00,0.11774698067256484
2023-04-19 08:00:00,0.15816298345697244
2023-04-19 09:00:00,0.04359489940584971
2023-04-19 10:00:00,0.10203632778114587
2023-04-19 11:00:00,0.07090501233639424
2023-04-19 12:00:00,0.10856297028277488
2023-04-19 13:00:00,0.10238138822760569
2023-04-19 14:00:00,0.06302821462784049
2023-04-19 15:00:00,0.11669552035700725
2023-04-19 16:00:00,0.060410065549702366
2023-04-19 17:00:00,0.14107864959410743
2023-04-19 18:00:00,0.038614803138294254
2023-04-19 19:00:00,0.03250601478119396
2023-04-19 20:00:00,0.13612080806896193
2023-04-19 21:00:00,0.06861015890854305
2023-04-19 22:00:00,0.08973298066507578
2023-04-19 23:00:00,0.039756036844467296
2023-04-20 00:00:00,0.01673445622060731
2023-04-20 01:00:00,0.07850362893834915
2023-04-20 02:00:00,0.00930785342834849
2023-04-20 03:00:00,0.04182476721548786
2023-04-20 04:00:00,0.10941626776222867
2023-04-20 05:00:00,0.049799326280598806
2023-04-20 06:00:00,0.08839405893807911
2023-04-20 07:00:00,0.07779399045901825
2023-04-20 08:00:00,0.13871324755827819
2023-04-20 09:00:00,0.05793211008694947
2023-04-20 10:00:00,0.11072847114429156
2023-04-20 11:00:00,0.012717538335673928
2023-04-20 12:00:00,0.07626911663246999
2023-04-20 13:00:00,0.08490581404400228
2023-04-20 14:00:00,0.10131040475544849
2023-04-20 15:00:00,0.08551624644824742
2023-04-20 16:00:00,0.07674938759318484
2023-04-20 17:00:00,0.0168706017329908
2023-04-20 18:00:00,0.034812046228650854
2023-04-20 19:00:00,0.04815234125169367
2023-04-20 20:00:00,0.010233944787401618
2023-04-20 21:00:00,0.09515831734536363
2023-04-20 22:00:00,0.024624061697238703
2023-04-20 23:00:00,0.08609543972537095
2023-04-21 00:00:00,0.08663724753669058
2023-04-21 01:00:00,0.04321161175109748
2023-04-21 02:00:00,0.040039830891862485
2023-04-21 03:00:00,0.08679757116431269
2023-04-21 04:00:00,0.015213732428382587
2023-04-21 05:00:00,0.04124788864242954
2023-04-21 06:00:00,0.05186483351340996
2023-04-21 07:00:00,0.044308654799079444
2023-04-21 08:00:00,0.10141073771189311
2023-04-21 09:00:00,0.0726945604025109
2023-04-21 10:00:00,0.06717285206108708
2023-04-21 11:00:00,0.0033182823624080208
2023-04-21 12:00:00,0.029617507043955674
2023-04-21 13:00:00,0.07105307484177202
2023-04-21 14:00:00,0.13262979522992852
2023-04-21 15:00:00,0.11104967506487483
2023-04-21 16:00:00,0.07772442503765117
2023-04-21 17:00:00,0.08871831719777215
2023-04-21 18:00:00,0.06317259492417297
2023-04-21 19:00:00,0.05046956405409282
2023-04-21 20:00:00,0.04021004013368123
2023-04-21 21:00:00,0.022736632345854838
2023-04-21 22:00:00,0.05611529632852276
2023-04-21 23:00:00,0.05781668238878415
2023-04-22 00:00:00,0.08344415255830862
2023-04-22 01:00:00,0.04203899294958589
2023-04-22 02:00:00,0.03190666444788184
2023-04-22 03:00:00,0.06693841428009982
2023-04-22 04:00:00,0.09878328117164707
2023-04-22 05:00:00,0.054875166953606336
2023-04-22 06:00:00,0.0349909202403247
2023-04-22 07:00:00,0.09902042850110576
2023-04-22 08:00:00,0.03599249243348731
2023-04-22 09:00:00,0.0824673939165504
2023-04-22 10:00:00,0.018986877859034048
2023-04-22 11:00:00,0.0023149713078298717
2023-04-22 12:00:00,0.008598132754799792
2023-04-22 13:00:00,0.07290233804396795
2023-04-22 14:00:00,0.017308412142860274
2023-04-22 15:00:00,0.03069820330925821
2023-04-22 16:00:00,0.04422014467876463
2023-04-22 17:00:00,0.032207400109303064
2023-04-22 18:00:00,0.0696049283781171
2023-04-22 19:00:00,0.08937777256176072
2023-04-22 20:00:00,0.017109590907500527
2023-04-22 21:00:00,0.09484019889295396
2023-04-22 22:00:00,0.04162528479313496
2023-04-22 23:00:00,0.08833674845726308
2023-04-23 00:00:00,0.05088229701992535
2023-04-23 01:00:00,0.0012110423633386103
2023-04-23 02:00:00,0.040092683128272744
2023-04-23 03:00:00,0.06795109481740173
2023-04-23 04:00:00,0.03698261796437387
2023-04-23 05:00:00,0.03491399539324881
2023-04-23 06:00:00,0.042047132670519106
2023-04-23 07:00:00,0.0331841833271762
2023-04-23 08:00:00,0.09800899771411951
2023-04-23 09:00:00,0.09672096699322662
2023-04-23 10:00:00,0.01720816229203701
2023-04-23 11:00:00,0.04025746171936731
2023-04-23 12:00:00,0.08541709224530254
2023-04-23 13:00:00,0.023826326412625942
2023-04-23 14:00:00,0.08616769990049572
2023-04-23 15:00:00,0.07187401004374674
2023-04-23 16:00:00,0.0571455049572761
2023-04-23 17:00:00,0.03800713786161909
2023-04-23 18:00:00,0.04870502978792464
2023-04-23 19:00:00,0.08316719811987777
2023-04-23 20:00:00,0.03560066886119976
2023-04-23 21:00:00,0.08002542816497754
2023-04-23 22:00:00,0.02789961318928983
2023-04-23 23:00:00,0.07035478463168011
2023-04-24 00:00:00,0.09938866154685404
2023-04-24 01:00:00,0.026479000720839297
2023-04-24 02:00:00,0.04667637693370105
2023-04-24 03:00:00,0.06945744345599779
2023-04-24 04:00:00,0.09679216440663524
2023-04-24 05:00:00,0.03666536690828666
2023-04-24 06:00:00,0.010811714479743273
2023-04-24 07:00:00,0.057728973175747406
2023-04-24 08:00:00,0.08137916426284184
2023-04-24 09:00:00,0.09114083801497559
2023-04-24 10:00:00,0.036702337495101746
2023-04-24 11:00:00,0.04010481747787969
2023-04-24 12:00:00,0.02560335293581877
2023-04-24 13:00:00,0.05215933920921089
2023-04-24 14:00:00,0.5243384106336388
2023-04-24 15:00:00,0.05558536979891019
2023-04-24 16:00:00,0.0753546346774623
2023-04-24 17:00:00,0.0890219893864889
2023-04-24 18:00:00,0.02348093128365593
2023-04-24 19:00:00,0.04150785651529702
2023-04-24 20:00:00,0.06517197724098049
2023-04-24 21:00:00,0.10377734116918029
2023-04-24 22:00:00,0.093752488615203
2023-04-24 23:00:00,0.015973157990434698
2023-04-25 00:00:00,0.04489043013614811
2023-04-25 01:00:00,0.07563424333227695
2023-04-25 02:00:00,0.0626468528134799
2023-04-25 03:00:00,0.014286911290243754
2023-04-25 04:00:00,0.07044948629822896
2023-04-25 05:00:00,0.020460322000517773
2023-04-25 06:00:00,0.06410716719967922
2023-04-25 07:00:00,0.029654663100722803
2023-04-25 08:00:00,0.05505940190099419
2023-04-25 09:00:00,0.06785163137905398
2023-04-25 10:00:00,0.0881548765965502
2023-04-25 11:00:00,0.030540041836623424
2023-04-25 12:00:00,0.03507843333926646
2023-04-25 13:00:00,0.058180071713341545
2023-04-25 14:00:00,0.09588297168038572
2023-04-25 15:00:00,0.07307550782952697
2023-04-25 16:00:00,0.13402019391276912
2023-04-25 17:00:00,0.053448156566015904
2023-04-25 18:00:00,0.03351600263962599
2023-04-25 19:00:00,0.09678301625222895
2023-04-25 20:00:00,0.08853060259132223
2023-04-25 21:00:00,0.10846139682291954
2023-04-25 22:00:00,0.06025669111860125
2023-04-25 23:00:00,0.09617293137336334
2023-04-26 00:00:00,0.013738665510198192
2023-04-26 01:00:00,0.011968470716054728
2023-04-26 02:00:00,0.10822437755011455
2023-04-26 03:00:00,0.045192672813150314
2023-04-26 04:00:00,0.05057571992889154
2023-04-26 05:00:00,0.055859354422267915
2023-04-26 06:00:00,0.04316903710365871
2023-04-26 07:00:00,0.11558612988743841
2023-04-26 08:00:00,0.07921363554890384
2023-04-26 09:00:00,0.09445066958633476
2023-04-26 10:00:00,0.08867898491220917
2023-04-26 11:00:00,0.15622047384674306
2023-04-26 12:00:00,0.026492968240299633
2023-04-26 13:00:00,0.028647446253849664
2023-04-26 14:00:00,0.095502222741196
2023-04-26 15:00:00,0.011915658600911053
2023-04-26 16:00:00,0.035493312715203666
2023-04-26 17:00:00,0.0795005924633076
2023-04-26 18:00:00,0.05393305264206174
2023-04-26 19:00:00,0.08056568456664116
2023-04-26 20:00:00,0.08770399751146254
2023-04-26 21:00:00,0.08908619631962579
2023-04-26 22:00:00,0.05404840669131784
2023-04-26 23:00:00,0.08914847211334832
2023-04-27 00:00:00,0.039547409640670245
2023-04-27 01:00:00,0.0896554837541958
2023-04-27 02:00:00,0.09909321206601225
2023-04-27 03:00:00,0.06167613311968117
2023-04-27 04:00:00,0.00710303127221722
2023-04-27 05:00:00,0.0029166914706952652
2023-04-27 06:00:00,0.07359156366386008
2023-04-27 07:00:00,0.09608405556790851
2023-04-27 08:00:00,0.02587808085246697
2023-04-27 09:00:00,0.09414390424868013
2023-04-27 10:00:00,0.02162713740081599
2023-04-27 11:00:00,0.0866454017524879
2023-04-27 12:00:00,0.06250711627035273
2023-04-27 13:00:00,0.04451271626423334
2023-04-27 14:00:00,0.030791020807026677
2023-04-27 15:00:00,0.07357763830174018
2023-04-27 16:00:00,0.03850365686266093
2023-04-27 17:00:00,0.025128559574119504
2023-04-27 18:00:00,0.030425524597961242
2023-04-27 19:00:00,0.09232107645802479
2023-04-27 20:00:00,0.08178526027002284
2023-04-27 21:00:00,0.005828307384380116
2023-04-27 22:00:00,0.08947580815390159
2023-04-27 23:00:00,0.027201601594101083
2023-04-28 00:00:00,0.09423135518879688
2023-04-28 01:00:00,0.032974001776576
2023-04-28 02:00:00,0.0478751055099046
2023-04-28 03:00:00,0.00986572339255487
2023-04-28 04:00:00,0.038727590399124816
2023-04-28 05:00:00,0.07131659668670416
2023-04-28 06:00:00,0.09071702300253338
2023-04-28 07:00:00,0.09206579540274068
2023-04-28 08:00:00,0.05666073456952606
2023-04-28 09:00:00,0.04904376312630922
2023-04-28 10:00:00,0.060141081832872804
2023-04-28 11:00:00,0.07580475135598463
2023-04-28 12:00:00,0.06366258647277788
2023-04-28 13:00:00,0.034546865205705046
2023-04-28 14:00:00,0.05139199279824889
2023-04-28 15:00:00,0.02084255883105801
2023-04-28 16:00:00,0.022091110043991658
2023-04-28 17:00:00,0.10676087437218916
2023-04-28 18:00:00,0.09084466363955482
2023-04-28 19:00:00,0.06245157743527477
2023-04-28 20:00:00,0.08337097872014751
2023-04-28 21:00:00,0.06808999029345482
2023-04-28 22:00:00,0.08491604543892563
2023-04-28 23:00:00,0.035645784845212296
2023-04-29 00:00:00,0.08049286176233822
2023-04-29 01:00:00,0.021806855301516416
2023-04-29 02:00:00,0.017331162980055947
2023-04-29 03:00:00,0.013071076621285184
2023-04-29 04:00:00,0.03769980200935028
2023-04-29 05:00:00,0.06460599443403262
2023-04-29 06:00:00,0.010129903048475853
2023-04-29 07:00:00,0.06792175366351948
2023-04-29 08:00:00,0.10554692116495132
2023-04-29 09:00:00,0.06248029811929183
2023-04-29 10:00:00,0.04367286927285894
2023-04-29 11:00:00,0.01744061178509033
2023-04-29 12:00:00,0.023399760904694214
2023-04-29 13:00:00,0.09849190227120927
2023-04-29 14:00:00,0.03589011141892737
2023-04-29 15:00:00,0.03930328728041563
2023-04-29 16:00:00,0.08869072612373352
2023-04-29 17:00:00,0.040710263911542116
2023-04-29 18:00:00,0.08462608958580697
2023-04-29 19:00:00,0.02723987182813377
2023-04-29 20:00:00,0.033543960224428924
2023-04-29 21:00:00,0.03198021292447134
2023-04-29 22:00:00,0.02968595682080534
2023-04-29 23:00:00,0.07368631486329823
2023-04-30 00:00:00,0.01168116145357061
2023-04-30 01:00:00,0.09562293389248251
2023-04-30 02:00:00,0.09922887113135748
2023-04-30 03:00:00,0.06895600507818536
2023-04-30 04:00:00,0.014249089701988883
2023-04-30 05:00:00,0.08156769728571023
2023-04-30 06:00:00,0.08229207074416395
2023-04-30 07:00:00,0.06360534607415837
2023-04-30 08:00:00,0.019584658798188128
2023-04-30 09:00:00,0.0982192073087626
2023-04-30 10:00:00,0.093459920388082
2023-04-30 11:00:00,0.023552195090683417
2023-04-30 12:00:00,0.09230131829206654
2023-04-30 13:00:00,0.03684805442611621
2023-04-30 14:00:00,0.04042547127901668
2023-04-30 15:00:00,0.0027081614628747144
2023-04-30 16:00:00,0.09334532698211599
2023-04-30 17:00:00,0.0557728041240334
2023-04-30 18:00:00,0.010500488876413206
2023-04-30 19:00:00,0.09079090263976627
2023-04-30 20:00:00,0.03302588507600326
2023-04-30 21:00:00,0.08050350254574606
2023-04-30 22:00:00,0.057015965339084165
2023-04-30 23:00:00,0.006097299077925722
2023-05-01 00:00:00,0.08601210780493013
